1 cx4 3333
2 cx3 1250
3 cx 769
4 cx 769
5 cx2 714
6 cx5 714
7 cx 588
8 crl 555
9 cx 476
10 f 476
11 cx 476
12 cx 454
13 cx 454
14 cxx 285
15 c 263
16 0 83
17 0 81
18 0 79
19 0 77
20 0 75
21 0 73
22 0 71
23 0 69
24 0 67
25 0 65
26 0 63
27 0 62
28 0 61
29 0 60
30 0 58
31 0 56
32 0 54
33 0 52
34 0 50
35 0 48
36 0 46
37 0 44
38 0 42
39 0 40
40 0 38
41 0 36
42 0 34
43 0 30
44 0 29
45 0 25
46 0 24
47 0 23
48 0 22
49 LiHua 0
50 cxx 0
51 LiHua 0
52 cxx 0
53 LiHua 0
54 cxx 0
55 0 0
56 cxx 0
57 LiHua 0
58 0 0
59 cxx 0
60 0 0
61 0 0
62 LiHua 0
63 cx 0
64 0 0
65 cx 0
66 cx 0
67 cx 0
68 cx 0
69 cx 0
70 LiHua 0
71 cxx 0
72 cx 0
73 LiHua 0
74 LiHua 0
75 cx 0
76 LiHua 0
77 cx 0
78 cxx 0
79 LiHua 0
80 LiHua 0
81 cx 0
82 cxx 0
83 cx 0
84  0
85 cx 0
